General Accuracy  0.72

 [[354   4   3   4   1   1   2  17   5  12  13]
 [ 18   2   0   0   0   0   0   2   0   1   1]
 [ 12   0   0   0   0   0   0   4   0   1   0]
 [  6   0   0   2   0   0   0   0   0   0   0]
 [  8   0   0   0   1   0   0   0   1   0   0]
 [  9   0   0   0   0   3   0   0   0   1   0]
 [  6   0   1   0   0   0   3   0   0   1   0]
 [  0   0   0   0   0   0   0   2   1   0   0]
 [  7   0   0   0   0   0   0   0   1   2   1]
 [  1   0   0   0   0   0   0   0   0   1   1]
 [  0   0   0   0   0   0   0   0   0   0   0]]

Balanced Accuracy  0.29

Average Old (1 - PER) 0.2791519379844961
# Others GT --> 416
# Others Pred --> 421

################################3 New phonemes groups and th=3.5

General Accuracy  0.77

 [[388   0   0   0   0   0   1  21   1   4   1]
 [ 20   0   0   0   0   0   1   3   0   0   0]
 [ 13   0   0   0   0   0   0   3   0   1   0]
 [  8   0   0   0   0   0   0   0   0   0   0]
 [  8   0   0   0   1   0   0   1   0   0   0]
 [ 11   0   0   0   0   2   0   0   0   0   0]
 [  9   0   0   0   0   0   2   0   0   0   0]
 [  1   0   0   0   0   0   0   2   0   0   0]
 [  7   0   0   0   0   0   0   1   1   2   0]
 [  2   0   0   0   0   0   0   0   0   1   0]
 [  0   0   0   0   0   0   0   0   0   0   0]]

Balanced Accuracy  0.25

Average Old (1 - PER) 0.2791519379844961
# Others GT --> 416
# Others Pred --> 467