 >>>>>>>>>>>>>>>>>>>>>> th=1.5

 General Accuracy  0.21

 [31 27 21 36 12  9 12  5 13  3 13]
 [ 0  7  0  0  0  1  0  0  1  0  0]
 [ 1  1  1  0  0  0  0  0  0  0  0]
 [ 0  1  1  2  0  0  0  0  1  0  0]
 [ 0  1  0  0  3  0  2  0  0  0  0]
 [ 1  0  1  0  0  1  1  0  0  0  0]
 [ 0  3  1  2  0  0  2  0  1  0  0]
 [ 0  0  0  0  0  0  0  0  0  0  0]
 [ 0  0  0  0  0  0  0  0  0  0  0]
 [ 0  0  0  0  0  0  1  0  0  0  0]
 [ 0  0  0  0  0  0  0  0  0  0  0]

Balanced Accuracy  0.33

>>>>>>>>>>>>>>>>>>>>>> th=2
General Accuracy  0.59

 [116   9  20  18   3   3   9   3   1]
 [  1   5   1   1   0   1   0   0   0]
 [  2   0   1   0   0   0   0   0   0]
 [  2   0   1   2   0   0   0   0   0]
 [  3   0   0   1   2   0   0   0   0]
 [  1   0   1   0   0   1   1   0   0]
 [  3   2   0   0   0   0   3   1   0]
 [  0   0   0   0   0   0   0   0   0]
 [  1   0   0   0   0   0   0   0   0]

Balanced Accuracy  0.36

General Accuracy  0.59

 [ 12   4   1   0   1   0   0   1   0   1   4]
 [  1   4   2   0   0   0   0   2   0   0   8]
 [  0   1   5   0   0   0   0   0   0   0   2]
 [  0   1   1   3   0   0   0   0   0   0   5]
 [  0   3   1   0   3   2   0   0   0   0   4]
 [  2   0   0   0   0   4   0   1   0   0   4]
 [  0   0   0   0   0   0   1   1   0   0   1]
 [  0   2   1   0   0   3   0   2   1   0   2]
 [  0   0   0   0   0   0   0   0   0   0   3]
 [  0   0   0   0   0   0   0   0   0   0   0]
 [ 21  34  37   6   5  31   4   7   2   0 269]

Balanced Accuracy  0.34

Average Old (1 - PER) 0.2791519379844961
 Others GT --> 24
 Others Pred --> 36


Acc 0: 0.50
Acc 1: 0.24
Acc 2: 0.62
Acc 3: 0.30
Acc 4: 0.23
Acc 5: 0.36
Acc 6: 0.33
Acc 7: 0.18
Acc 8: 0.00
Acc 9: 0.00
Acc 10: 0.65